0000010000000000001000011111011
0101000010000001000011000000000
0000001010100000111010100000000
0000001000100000111110000100110
0001000000000000110001110110000
1000001000100001000000110000110
1000101000010010011011000100000
0000000100000000001001001010000
0100000101000000010010001000010
1001011010000000000000000001110
0001010110001101110000010010001
0010100010000000000001000000010
1001010010100001000101000001001
1000000110000100101010000000010
0000100101010110000000000001001
0000100100100010101100000010001
1100010000000000010000011101000
0010001010001010000010000110110
0000110001101000010000010110000
1000000001100000010000001010101
0000101010000000001100000010000
0100000010001000001100100001001
0000100101000001000000000010010
0011000100110000000000000000101
0000010000101001000000100000000
0000000010010100000010100000000
0000010100001101110000100010000
0001101000000010000111001000000
0000000000001101001000100000000
1001110010000010111100000000000
0000000110000010000001000000100
1000000001100100000110000000101
1011000100010001000000110010101
0000001000011010100010001100001
1001000011010000001000000011000
0100000000001000000000010000101
1000001100000011000010000000000
0010100000101000100000000100000
0001000000001001001011001100000
0000001110000010010001011100011
0110110000000100000001110001000
1010010101000010000011100100011
0000001011000000000010000000110
1001010000000001000001100011000
0010001000010000111010000001000
0000010010111111000001001010000
0010100000100000110100001101011
0001010100001000011001001010110
0000000000010100010010011110000
0000000001111101010100010110100
0000000100010000001011010110000
0000100000100000111000000000010
0101110000110100100000000001000
1000100000000011000001111000010
1100001100010000000000100000000
0001010101000010000000000100000
0000000100001000000110000000100
0101001000000000101011000010000
0010000000000000100110101100111
0101100000000000000100100110010
0011010010000001000110010110001
0000001001000010000100001100100
0001000110000000000000100111000
0001100001010110000000010000011
0000101000000010011100100001111
1000100011001011110010001100001
0000000100101100100010100000000
1110100000010011001000000101100
1000010000000000001000001000000
0011000100110000001001000010000
0100110001000010100010001001001
0000000010000111000100110011101
0000000001000010000100101010001
0100001110110001010000000000011
0010010100101011001000110000000
1100101010000100010010000000000
1001000000010000100110001111000
0000000000001010000000000110110
1000100101000010010100001100000
0000001000100010110000000000001
1000001100111001010010101100101
1001010010000001000000011010000
1100101001000100000010110001110
0100001000000000000001000010100
0010100110000100001001100000000
0101000100100000101001100000000
0000010010100000010000101001010
0000101110001110101000001000000
0000000000010100001100001100000
0010010110000000000100010001001
0000010111010000000000100000000
0000100001100000000111000100000
0100000110000000100001001100111
1000001000000000000000110000001
1001010010101000001010001000000
0110111000100001000000000011000
0100000001000000000000000000000
0101000010001100100010001100000
0101000100000001000000010001000
0000101001010010001000011000000
0000110000010110000101100110011
0010000000000001000111011001000
0100100000000010110000100001001
0100110010010000000010101101011
0111010001000000000000000100010
0001011011010000001000100001101
1000000110000000110001110000101
1001100000110000001010110000101
0001010000101010000000000011001
1000001100000011010000000000110
1110000101000101001111000000000
0110101000110010000010010001000
1000001010000001000000000010100
0011101101000000000000000000010
1000000000000010010000000010110
1010101001000001100110100001000
0001000100100010011001100000000
0001100011001000110000000000010
0111100101010110100000001000000
0001000010000000100000010000000
0000010100010001001100100100000
0000001000001110100100101001110
0100001000010010011000001100010
0100000000000001101110100010100
1001001000000101110000000000001
1101001100001000000000010101000
0000001000000001000100000001100
0000101001000000000010000010100
0001001000101000100000000100000
0000011000100001000000000110110
0000100010001011011000100001000
0100100000110000001001010010000
0000000011000110110000001010101
0000000000000000010010000011010
0001000001000100000000010010101
0000110100000100000000100010010
1000000000000000100100000100010
0000010010000100010111101010000
1111010010110001000010001100000
1000110010001111001000010100010
0010000000101100110001010000000
0000000000011000000010000100100
1011000010001000001000011000000
0000110100000001001000110000000
0001000000000110100100000010111
0100100100001010110000111001110
0000101000000001100000000110000
0000111111110000101010111010001
0001011101110110000001100000001
0100010111000000010000000000100
0010011000000000100000000000010
0000000110100010001100010001001
1011000010100010000010010100000
0010000000010010101010000101100
0001000101000000000100010100110
1000010000001010000000000010011
0001010100100011000100010001000
1110000000000101000000000010000
0010000101010100000000000010100
0000100010011100010100001000000
1000000000001111000000110100000
0010011010001000001001000000011
1000001001110000010001100110000
1100111001100000000000101000100
0000010000001000000000000001000
1001011011100000001000000010001
1000000001000011000000101000000
0101010001000000010000000010110
1001001100000100010101010011100
0101000010010010100001101010000
0010100000000011110100010101110
0000110000000011000010000000010
0000000000000000100000000001000
0010000000000000000000111011001
0000000001001001010001000010101
0000001000001110000010100100010
0101000001001100000000000011000
0001100000011010000100000000000
0001100110011101000110000000000
0000111000100101000000100000010
0000110000000000000010010010100
1111000000010001101100101000000
0100000010000010000111001000010
0100000001000110001001101000000
1000000010000000101000010101001
0000000010010010000000000001101
1010001010011001000000011001000
0001000010001000000000011001000
1010001011000011100000011000010
1001000111000000001001000010010
1000010000111000010010000000100
0000101000000001000000000000010
0101100000000110001000100010001
1000001100000100000001010100000
0101100000000001100100001000000
0100110110100011000010100001100
0000000010101101000010100100001
0010000000000000000000000000001
0100000000000100001000010100100
0000000011000000000001000100010
0010000010010000001001100000001
0010000111001110001010100100001
1001010001000000110000001000000
0000000000010001100110000110000
1010000001110010000010000000101
1000001000010000101000100010000
0000100010000000100001101001000
0111100110000001101000000001001
0011100101000001000000000001100
0011010100100001001001000000000
0000000000101011111000100000000
0111000000110100001000000001000
0000010010010100100000000010000
0010000100010001000110000000000
0000100110100000000011010011000
1101111001000101000100000100111
0010010001000100000110000100101
1001100100000100001010000011001
0001000000000001100000100000010
0000001000100000101001110000000
0000000001000001110110010001000
0100010110001000000000010100110
0000001000000011000001000001100
0000000011100000000001000100000
1100000001110011100011000100000
1010000000000000100100101000000
0011000000001011100000100001100
0000001000100000010000110000001
0010000010001100010000000100100
0010111001101100010000100011010
0000000011000100101001100000101
0000000000000000000000010000001
0011011100000010100000000000001
0000100000000000111000000000000
1100011000001000000011000000010
0001001100110010101110010000001
0000000010000000010100100100000
0100000010000110000000000100010
0110000000000011000010000000000
0100100001110000000100001001100
0000011100000000001000010101000
0001000011101010000001000000100
1010110100000100100000000100010
0001011000000000100100000100000
0110001100000011000111000100000
0001000001011001000100100000000
0000000010000000000001010100110
1110001000001000100100000000110
1100010010000010100001010100000
1001100000001000101000110010000
1000101100000101001011000000101
0010000001010101101100000000001
0010110000001010100110000000000
0000100100001001000000000000001
0000000000111000001100100000000
0001000001100000100101001000110
0100110100100001010000001011000
0001000001001010001001000001010
1000101000000110001001000100001
0010000000110001001000000010001
1000001000000000001101000000000
0100000011000001111000100000001
0000000010010000010000000100100
0000101000110011000100100001000
1010000001000101011100000100000
0011000101000000001011000010101
0100001000000101000111010000000
0000000101000110000101000010000
0000011001100010010100000110010
0110010101000011010001000001000
0100100110000101100000001000100
0000101100010011000000100000100
0100100001100001000000000000000
0011000100000111000000000000000
0000000000000010101100000000101
0101000010000100010100000000100
0110001000101000010000101000001
1000000000000001000000101111010
0000001000000000001001000001100
1010011011000001000000100101001
1101100101101000000000000010001
0001001000000100001000000000000
0000000011101010010001000001011
0010000000101100000000010010000
0001101000000001100010101100100
0001001000000100010000100000000
0000000000010010010001100010000
0001000001000010011110011000001
0000000100100100000010000000001
1000000100000000111000001100001
0010010010101000011000110000001
1010010011101001000001111000000
0100000000000000001111100001000
0100000000010001000000010000001
0010000000111111100000000100000
0010000000010000010010001001001
0100101001000010100110001001010
0010000000000010100010101100000
0001010100001101110000100011110
0000010010000010010100000000010
0000001100010001110000000000001
0010100000011100111100100000010
1110110100100000011010011000001
0000111000110000000000001010000
0010000011000100011000010001000
1000001000001000100010100100000
1111000000000011010100100000110
0001000000000010001000110011010
0000000000100000000010100100100
1000011100000101000100000001101
1001011000001000000000010001000
0001010111000000011001000001000
1000101001000000000000010010100
1000000001000000000000000001001
0010100001010011010001001000010
1000100000000001000111000010001
0000001000000000000010000100001
1010000000110000000101000011001
1100010000100000000000001001000
0000000010001110110100111010001
0001100010010010001100110000001
0010000000110000101011000010000
0000010000100101000110101000001